,borough,population,year
0,QUEENS,2272745,2012
1,QUEENS,2288194,2013
2,QUEENS,2300148,2014
3,QUEENS,2307614,2015
4,QUEENS,2309032,2016
5,QUEENS,2296865,2017
6,QUEENS,2278906,2018
7,QUEENS,2278906,2019
8,BROOKLYN,2568876,2012
9,BROOKLYN,2588501,2013
10,BROOKLYN,2602680,2014
11,BROOKLYN,2610607,2015
12,BROOKLYN,2611232,2016
13,BROOKLYN,2596385,2017
14,BROOKLYN,2582830,2018
15,BROOKLYN,2582830,2019
16,MANHATTAN,1624039,2012
17,MANHATTAN,1627806,2013
18,MANHATTAN,1630946,2014
19,MANHATTAN,1636713,2015
20,MANHATTAN,1636261,2016
21,MANHATTAN,1629780,2017
22,MANHATTAN,1628701,2018
23,MANHATTAN,1628701,2019
24,STATEN ISLAND,470657,2012
25,STATEN ISLAND,471898,2013
26,STATEN ISLAND,472075,2014
27,STATEN ISLAND,472521,2015
28,STATEN ISLAND,474214,2016
29,STATEN ISLAND,475516,2017
30,STATEN ISLAND,476179,2018
31,STATEN ISLAND,476179,2019
32,BRONX,1411715,2012
33,BRONX,1422340,2013
34,BRONX,1431538,2014
35,BRONX,1440726,2015
36,BRONX,1445237,2016
37,BRONX,1439725,2017
38,BRONX,1432132,2018
39,BRONX,1432132,2019
